Enter number of moves to scramble or 0 to enter by hand: 0
2 3  
1 5 6
4 7 8

1
2 3 6
1 5  
4 7 8

1
2   3
1 5 6
4 7 8

2 3  
1 5 6
4 7 8

not found in deep: 2
2
2 3  
1 5 6
4 7 8

Found Equal on path
2
2 3 6
1 5 8
4 7  

2 3 6
1 5  
4 7 8

3
2 3 6
1 5 8
4   7

2 3 6
1 5 8
4 7  

2
2 3 6
1   5
4 7 8

3
2   6
1 3 5
4 7 8

2 3 6
1   5
4 7 8

3
2 3 6
1 7 5
4   8

2 3 6
1   5
4 7 8

3
2 3 6
  1 5
4 7 8

2 3 6
1   5
4 7 8

2 3 6
1 5  
4 7 8

2
2 5 3
1   6
4 7 8

2   3
1 5 6
4 7 8

3
2 5 3
1 7 6
4   8

2 5 3
1   6
4 7 8

3
2 5 3
  1 6
4 7 8

2 5 3
1   6
4 7 8

3
2 5 3
1 6  
4 7 8

2 5 3
1   6
4 7 8

2
  2 3
1 5 6
4 7 8

3
1 2 3
  5 6
4 7 8

  2 3
1 5 6
4 7 8

2   3
1 5 6
4 7 8

not found in deep: 4
4
2 3 6
1   8
4 5 7

5
2   6
1 3 8
4 5 7

2 3 6
1   8
4 5 7

2 3 6
1 5 8
4   7

5
2 3 6
  1 8
4 5 7

2 3 6
1   8
4 5 7

5
2 3 6
1 8  
4 5 7

2 3 6
1   8
4 5 7

4
2 3 6
1 5 8
  4 7

5
2 3 6
  5 8
1 4 7

2 3 6
1 5 8
  4 7

2 3 6
1 5 8
4   7

4
  2 6
1 3 5
4 7 8

5
1 2 6
  3 5
4 7 8

  2 6
1 3 5
4 7 8

2   6
1 3 5
4 7 8

4
2 6  
1 3 5
4 7 8

5
2 6 5
1 3  
4 7 8

2 6  
1 3 5
4 7 8

2   6
1 3 5
4 7 8

4
2 3 6
1 7 5
  4 8

5
2 3 6
  7 5
1 4 8

2 3 6
1 7 5
  4 8

2 3 6
1 7 5
4   8

4
2 3 6
1 7 5
4 8  

5
2 3 6
1 7  
4 8 5

2 3 6
1 7 5
4 8  

2 3 6
1 7 5
4   8

4
  3 6
2 1 5
4 7 8

2 3 6
  1 5
4 7 8

5
3   6
2 1 5
4 7 8

  3 6
2 1 5
4 7 8

4
2 3 6
4 1 5
  7 8

2 3 6
  1 5
4 7 8

5
2 3 6
4 1 5
7   8

2 3 6
4 1 5
  7 8

4
2 5 3
1 7 6
  4 8

5
2 5 3
  7 6
1 4 8

2 5 3
1 7 6
  4 8

2 5 3
1 7 6
4   8

4
2 5 3
1 7 6
4 8  

5
2 5 3
1 7  
4 8 6

2 5 3
1 7 6
4 8  

2 5 3
1 7 6
4   8

4
  5 3
2 1 6
4 7 8

2 5 3
  1 6
4 7 8

5
5   3
2 1 6
4 7 8

  5 3
2 1 6
4 7 8

4
2 5 3
4 1 6
  7 8

2 5 3
  1 6
4 7 8

5
2 5 3
4 1 6
7   8

2 5 3
4 1 6
  7 8

4
2 5  
1 6 3
4 7 8

2 5 3
1 6  
4 7 8

5
2   5
1 6 3
4 7 8

2 6 5
1   3
4 7 8

2 5  
1 6 3
4 7 8

4
2 5 3
1 6 8
4 7  

2 5 3
1 6  
4 7 8

5
2 5 3
1 6 8
4   7

2 5 3
1 6 8
4 7  

4
1 2 3
4 5 6
  7 8

1 2 3
  5 6
4 7 8

5
1 2 3
4 5 6
7   8

1 2 3
4 5 6
  7 8

YEAH!!!
Initial position:
2 3  
1 5 6
4 7 8

Move #1, Moves 2   3
1 5 6
4 7 8

Move #2, Moves   2 3
1 5 6
4 7 8

Move #3, Moves 1 2 3
  5 6
4 7 8

Move #4, Moves 1 2 3
4 5 6
  7 8

Move #5, Moves 1 2 3
4 5 6
7   8

Move #6, Moves 1 2 3
4 5 6
7 8  

Solution found!!
